23.30940
-0.860286     -0.457649     -0.198547
21 05 11.60   +15 28 33.8
28.47775
-0.810811     -0.526063     -0.228209
21 30 27.23   +12 04 32.5
34.31383
-0.747072     -0.598100     -0.259468
21 58 32.11   +08 24 29.4
BAADE 1924.0
23.4497171    Pianetino 1924-TD-Baade
------------------------------------------------------------------------------------------
 Riepilogo:
            Data           Xsole         Ysole         Zsole         AR           De
 1)   23.30940/10/1924  -0.860286     -0.457649     -0.198547    21 05 11.60   +15 28 33.8
 2)   28.47775/10/1924  -0.810811     -0.526063     -0.228209    21 30 27.23   +12 04 32.5
 3)   34.31383/10/1924  -0.747072     -0.598100     -0.259468    21 58 32.11   +08 24 29.4
BAADE 23.4497171      1924.0     Pianetino 1924-TD-Baade
------------------------------------------------------------------------------------------
