5
+0.9518223    -0.2559233    -0.1109740
04 37 59.14   +18 23 49.6
13
+0.9834527    -0.1321738    -0.0573197
05 02 03.43   +21 15 38.5
23
+0.9962662    +0.0257442    +0.0111556
05 33 17.04   +24 11 45.6
C2    B1950.0
23.4457889    Cometa Arend-Rigaux 1950 VII
------------------------------------------------------------------------------------------
 Riepilogo:
            Data           Xsole         Ysole         Zsole         AR           De
 1)   05.00000/03/1978  +0.9518223    -0.2559233    -0.1109740   04 37 59.14   +18 23 49.6
 2)   13.00000/03/1978  +0.9834527    -0.1321738    -0.0573197   05 02 03.43   +21 15 38.5
 3)   23.00000/03/1978  +0.9962662    +0.0257442    +0.0111556   05 33 17.04   +24 11 45.6
C2    23.4457889      B1950.0    Cometa Arend-Rigaux 1950 VII
------------------------------------------------------------------------------------------
