1
+0.157632     -0.890519     -0.386111
00 05 51.00   -04 46 54.0
11
+0.326970     -0.850944     -0.368949
00 20 11.40   -03 03 12.0
21
+0.486062     -0.784961     -0.340347
00 35 34.20   -01 13 42.0
C3    B1950.0
23.4457889    Cometa P/Chernykh
------------------------------------------------------------------------------------------
 Riepilogo:
            Data           Xsole         Ysole         Zsole         AR           De
 1)   01.00000/01/1992  +0.157632     -0.890519     -0.386111    00 05 51.00   -04 46 54.0
 2)   11.00000/01/1992  +0.326970     -0.850944     -0.368949    00 20 11.40   -03 03 12.0
 3)   21.00000/01/1992  +0.486062     -0.784961     -0.340347    00 35 34.20   -01 13 42.0
C3    23.4457889      B1950.0    Cometa P/Chernykh
------------------------------------------------------------------------------------------
