5
+0.967846     +0.232994     +0.101065
22 26 38.86   +16 30 08.1
9.5
+0.946596     +0.301141     +0.130626
22 31 11.63   +21 17 30.8
14
+0.919738     +0.367508     +0.159412
22 36 13.09   +26 24 27.5
C4    B1925.0
23.4490407    Cometa 1925/C - Orkisz
------------------------------------------------------------------------------------------
 Riepilogo:
            Data           Xsole         Ysole         Zsole         AR           De
 1)   05.00000/04/1925  +0.967846     +0.232994     +0.101065    22 26 38.86   +16 30 08.1
 2)   09.50000/04/1925  +0.946596     +0.301141     +0.130626    22 31 11.63   +21 17 30.8
 3)   14.00000/04/1925  +0.919738     +0.367508     +0.159412    22 36 13.09   +26 24 27.5
C4    23.4490407      B1925.0    Cometa 1925/C - Orkisz
------------------------------------------------------------------------------------------
