1
+0.157632     -0.890519     -0.386111
02 40 42.00   +02 31 42.0
11
+0.326970     -0.850944     -0.368949
02 57 01.20   +03 56 06.0
21
+0.486062     -0.784961     -0.340347
03 33 21.60   +06 53 12.0
C5    B1950.0
23.4457889    Cometa P/Faye
------------------------------------------------------------------------------------------
 Riepilogo:
            Data           Xsole         Ysole         Zsole         AR           De
 1)   01.00000/01/1992  +0.157632     -0.890519     -0.386111    02 40 42.00   +02 31 42.0
 2)   11.00000/01/1992  +0.326970     -0.850944     -0.368949    02 57 01.20   +03 56 06.0
 3)   31.00000/01/1992  +0.630175     -0.694738     -0.301229    03 33 21.60   +07 06 30.0
C5    23.4457889      B1950.0    Cometa P/Faye
------------------------------------------------------------------------------------------
