1
+0.162009     -0.889818     -0.385807
13 17 12.60   -40 12 06.0
11
+0.331089     -0.849624     -0.368385
12 47 37.20   -39 14 24.0
21
+0.489959     -0.782997     -0.339493
12 08 45.00   -36 59 12.0
C6    B1950.0
23.4457889    Cometa Levy - 1990/C
------------------------------------------------------------------------------------------
 Riepilogo:
            Data           Xsole         Ysole         Zsole         AR           De
 1)   01.00000/01/1991  +0.162009     -0.889818     -0.385807    13 17 12.60   -40 12 06.0
 2)   11.00000/01/1991  +0.331089     -0.849624     -0.368385    12 47 37.20   -39 14 24.0
 3)   21.00000/01/1991  +0.489959     -0.782997     -0.339493    12 08 45.00   -36 59 12.0
C6    23.4457889      B1950.0    Cometa Levy - 1990/C
------------------------------------------------------------------------------------------
