1
+0.9805379    +0.1767759    +0.07664679
21 33 47.40   -16 04 12.0
6
+0.9617465    +0.2537562    +0.1100241
21 39 46.80   -15 26 18.0
11
+0.9358601    +0.3288650    +0.1425898
21 45 47.40   -14 47 06.0
C8    B1950.0
23.4457889    Cometa Brorsen-Metcalf
------------------------------------------------------------------------------------------
 Riepilogo:
            Data           Xsole         Ysole         Zsole         AR           De
 1)   01.00000/04/1989  +0.9805379    +0.1767759    +0.07664679  21 33 47.40   -16 04 12.0
 2)   06.00000/04/1989  +0.9617465    +0.2537562    +0.1100241   21 39 46.80   -15 26 18.0
 3)   11.00000/04/1989  +0.9358601    +0.3288650    +0.1425898   21 45 47.40   -14 47 06.0
C8    23.4457889      B1950.0    Cometa Brorsen-Metcalf
------------------------------------------------------------------------------------------
