1
+0.355938     +0.871050     +0.377665
01 36 11.40   -36 50 12.0
11
+0.193368     +0.914488     +0.396502
02 40 31.80   -33 04 36.0
21
+0.025289     +0.932046     +0.404112
03 54 16.20   -25 46 48.0
CA    B1950.0
23.4457889    Cometa P/Macholtz
------------------------------------------------------------------------------------------
 Riepilogo:
            Data           Xsole         Ysole         Zsole         AR           De
 1)   01.00000/06/1991  +0.355938     +0.871050     +0.377665    01 36 11.40   -36 50 12.0
 2)   11.00000/06/1991  +0.193368     +0.914488     +0.396502    02 40 31.80   -33 04 36.0
 3)   21.00000/06/1991  +0.025289     +0.932046     +0.404112    03 54 16.20   -25 46 48.0
CA    23.4457889      B1950.0    Cometa P/Macholtz
------------------------------------------------------------------------------------------
