1
+0.157632     -0.890519     -0.386111
03 09 03.00   +10 09 48.0
11
+0.326970     -0.850944     -0.368949
03 26 09.60   +08 08 48.0
21
+0.486062     -0.784961     -0.340347
03 45 23.40   +06 53 12.0
KOWAL B1950.0
23.4457889    Cometa P/Kowal-2
------------------------------------------------------------------------------------------
 Riepilogo:
            Data           Xsole         Ysole         Zsole         AR           De
 1)   01.00000/01/1992  +0.157632     -0.890519     -0.386111    03 09 03.00   +10 09 48.0
 2)   11.00000/01/1992  +0.326970     -0.850944     -0.368949    03 26 09.60   +08 08 48.0
 3)   21.00000/01/1992  +0.486062     -0.784961     -0.340347    03 45 23.40   +06 53 12.0
KOWAL 23.4457889      B1950.0    Cometa P/Kowal-2
------------------------------------------------------------------------------------------
