6
-0.9782623    -0.1894035    -0.0821093
04 00 15.60   +11 29 12.0
16
-0.9256927    -0.3397280    -0.1472924
03 56 30.60   +11 03 36.0
26
-0.8454537    -0.4799510    -0.2080890
03 49 55.80   +10 35 18.0
P7    B1950.0
23.4457889    Pianetino Vesta
------------------------------------------------------------------------------------------
 Riepilogo:
            Data           Xsole         Ysole         Zsole         AR           De
 1)   06.00000/10/1990  -0.9782623    -0.1894035    -0.0821093   04 00 15.60   +11 29 12.0
 2)   16.00000/10/1990  -0.9256927    -0.3397280    -0.1472924   03 56 30.60   +11 03 36.0
 3)   26.00000/10/1990  -0.8454537    -0.4799510    -0.2080890   03 49 55.80   +10 35 18.0
P7    23.4457889      B1950.0    Pianetino Vesta
------------------------------------------------------------------------------------------
