4
+0.973747     +0.208709     +0.090480
14 09 42.00   +01 51 36.0
14
+0.923302     +0.359179     +0.155726
14 01 31.20   +02 25 18.0
24
+0.845731     +0.499118     +0.216396
13 52 40.20   +02 47 42.0
P9    B1950.0
23.4457889    Pianetino Cerere
------------------------------------------------------------------------------------------
 Riepilogo:
            Data           Xsole         Ysole         Zsole         AR           De
 1)   04.00000/04/1991  +0.973747     +0.208709     +0.090480    14 09 42.00   +01 51 36.0
 2)   14.00000/04/1991  +0.923302     +0.359179     +0.155726    14 01 31.20   +02 25 18.0
 3)   24.00000/04/1991  +0.845731     +0.499118     +0.216396    13 52 40.20   +02 47 42.0
P9    23.4457889      B1950.0    Pianetino Cerere
------------------------------------------------------------------------------------------
