1
+0.157632     -0.890519     -0.386111
16 45 44.40   +39 30 48.0
11
+0.326970     -0.850944     -0.368949
17 22 16.20   +39 51 36.0
21
+0.486062     -0.784961     -0.340347
17 57 03.00   +40 02 48.0
C1    B1950.0
23.4457889    Cometa Shoemaker-Levy 1991 d
------------------------------------------------------------------------------------------
 Riepilogo:
            Data           Xsole         Ysole         Zsole         AR           De
 1)   01.00000/01/1992  +0.157632     -0.890519     -0.386111    16 45 44.40   +39 30 48.0
 2)   11.00000/01/1992  +0.326970     -0.850944     -0.368949    17 22 16.20   +39 51 36.0
 3)   21.00000/01/1992  +0.486062     -0.784961     -0.340347    17 57 03.00   +40 02 48.0
C1    23.4457889      B1950.0    Cometa Shoemaker-Levy 1991 d
------------------------------------------------------------------------------------------
