00001 Ceres             13.34   0.12   270.93948    73.89603    80.49878   10.58366   0.0779919   0.21427735   2.7657858
00002 Pallas            14.13   0.11   258.51137   309.92840   173.21103   34.85637   0.2303100   0.21306751   2.7762457
00003 Juno              15.33   0.32   139.84252   247.97497   170.18180   12.96761   0.2579613   0.22601515   2.6691789
00004 Vesta             13.20   0.32   220.12248   149.76088   103.96174    7.13456   0.0902201   0.27168597   2.3609742
00005 Astraea           16.85   0.15   293.56034   357.63469   141.70841    5.36818   0.1919771   0.23874967   2.5734014
00006 Hebe              15.71   0.24   289.91895   239.09534   138.88805   14.77131   0.2020433   0.26108147   2.4244804
00007 Iris              15.51   0.15   294.42350   145.15545   259.91156    5.52317   0.2306985   0.26750696   2.3854995
00008 Flora             16.49   0.28    91.93457   285.04191   111.05640    5.88564   0.1561044   0.30170550   2.2016447
00009 Metis             16.28   0.17    72.48755     5.78301    69.00918    5.57778   0.1213405   0.26725686   2.3869875
00010 Hygiea            15.43   0.15   260.21279   314.56004   283.68701    3.84350   0.1195801   0.17736614   3.1372966
00011 Parthenope        16.55   0.15   156.05449   194.25054   125.66936    4.62239   0.0995246   0.25662821   2.4524479
00012 Victoria          17.24   0.22   220.83511    69.35619   235.63832    8.36780   0.2189600   0.27622134   2.3350592
00013 Egeria            16.74   0.15   200.32543    80.47868    43.36378   16.52980   0.0865039   0.23837082   2.5761273
00014 Irene             16.30   0.15   189.09995    95.95657    86.59316    9.09740   0.1661835   0.23661021   2.5888908
00015 Eunomia           15.28   0.23     5.28445    96.87570   293.52343   11.74845   0.1864708   0.22929919   2.6436322
00016 Psyche            15.90   0.20   247.83826   229.05304   150.46661    3.09344   0.1378788   0.19747486   2.9205289
00017 Thetis            17.76   0.15   200.07007   135.70625   125.65030    5.58671   0.1362671   0.25406803   2.4688955
00018 Melpomene         16.51   0.25   302.18147   227.78404   150.59074   10.13040   0.2181606   0.28345075   2.2951847
00019 Fortuna           17.13   0.10    60.46611   181.81814   211.50536    1.57156   0.1581498   0.25829565   2.4418819
00020 Massalia          16.50   0.25   301.88439   255.40866   206.60348    0.70539   0.1423977   0.26352823   2.4094502
00021 Lutetia           17.35   0.11   199.33012   250.00964    80.95381    3.06582   0.1619026   0.25918364   2.4363013
00022 Kalliope          16.45   0.21   145.93438   357.16992    66.32386   13.72002   0.1008742   0.19855581   2.9099196
00023 Thalia            16.95   0.15    40.37672    59.49465    67.26528   10.14757   0.2330030   0.23134414   2.6280304
00024 Themis            17.08   0.19    99.29718   109.27964    36.08088    0.76174   0.1341967   0.17822787   3.1271758
00025 Phocaea           17.83   0.15   344.20660    90.48427   214.31311   21.57357   0.2555119   0.26508717   2.3999945
00026 Proserpina        17.5    0.15   196.94072   194.12516    45.95281    3.56215   0.0884360   0.22786718   2.6546964
00027 Euterpe           17.0    0.15    79.00447   356.71786    94.81477    1.58377   0.1714209   0.27404259   2.3474193
00028 Bellona           17.09   0.15   117.47262   342.96850   144.60676    9.39917   0.1499873   0.21300951   2.7767496
00029 Amphitrite        15.85   0.20   274.73782    62.65371   356.59090    6.10755   0.0731789   0.24134787   2.5548990
00030 Urania            17.57   0.15   158.07922    86.42645   308.00446    2.09691   0.1266004   0.27080149   2.3661123
00031 Euphrosyne        16.74   0.15   204.57652    62.52249    31.29293   26.34518   0.2276750   0.17676288   3.1444305
00032 Pomona            17.56   0.15    57.30573   338.02211   220.64602    5.53137   0.0841802   0.23704919   2.5856936
00033 Polyhymnia        18.55   0.33   259.55422   338.38319     8.80714    1.87035   0.3348506   0.20266638   2.8704385
00034 Circe             18.51   0.15   248.51521   330.24595   184.56177    5.50066   0.1070333   0.22383455   2.6864863
00035 Leukothea         18.5    0.15   225.34499   214.37311   353.86828    7.93932   0.2267997   0.19059638   2.9903793
00036 Atalante          18.46   0.15   117.65918    47.23149   358.54196   18.42009   0.3021212   0.21617023   2.7496165
00037 Fides             17.29   0.24    60.40540    62.87020     7.48338    3.07310   0.1753899   0.22947495   2.6422822
00038 Leda              18.32   0.15   176.12180   168.71884   296.06803    6.95418   0.1534429   0.21738806   2.7393378
00039 Laetitia          16.1    0.15   137.93726   208.34111   157.25051   10.37016   0.1116641   0.21382211   2.7697101
00040 Harmonia          17.0    0.15   103.49326   268.58145    94.32971    4.25619   0.0462756   0.28873510   2.2670947
00041 Daphne            17.12   0.10   324.08367    46.10495   178.34097   15.77076   0.2747337   0.21466400   2.7624636
00042 Isis              17.53   0.15    67.32889   236.01887    84.58044    8.53902   0.2245572   0.25855894   2.4402239
00043 Ariadne           17.93   0.11    37.86523    15.97050   265.10085    3.46698   0.1678649   0.30129149   2.2036611
00044 Nysa              17.03   0.46   284.56770   342.35986   131.63347    3.70245   0.1480853   0.26111443   2.4242764
00045 Eugenia           17.46   0.07   192.49050    86.76120   147.97544    6.61185   0.0829499   0.21979478   2.7193042
00046 Hestia            18.36   0.06    29.63373   175.97785   181.23609    2.33651   0.1727364   0.24568211   2.5247615
00047 Aglaja            17.84   0.16   338.74729   315.57015     3.43418    4.99365   0.1312036   0.20166105   2.8799705
00048 Doris             16.90   0.15   153.86417   260.46919   183.96110    6.54875   0.0731728   0.17975806   3.1094039
00049 Pales             17.8    0.15   321.13583   110.27693   286.33629    3.18159   0.2362294   0.18191070   3.0848251
00050 Virginia          19.24   0.15   244.91674   200.18563   173.82508    2.83526   0.2866833   0.22852741   2.6495809
