0.0
+0.7036797    +0.1355985    +0.6950618
15 30 49.60   +49 59 56.0
328.22
+0.7002237    +0.1527865    +0.6950618
24 31 45.60   +44 20 08.0
670.0
+0.6951988    +0.1701889    +0.6950618
26 38 40.70   -32 11 58.0
C5    B1950.0
0.00

out 23.4457889


' tempi (t1,t2,t3) in secondi t1=0.00; t2=328.22; t3=670.00


	hh:mm:ss.sss 	hh mm ss.s 	o 	o  '  " 	o
1 	23:00:00.00 	15  30  49.6 	232.70667 	+49 59 56 	+49.998889
2 	23:05:28.22 	00  31  45.6 	7.9400000 	+44 20 08 	+44.335556
3 	23:11:10.00 	02  38  40.7 	39.669583 	-32 11 58 	-32.199444
